$ANSIBLE_VAULT;1.1;AES256
31633763653237353135616362336363303466323965346638363337623339376462623938663965
6166336634356662393739633635623764363039393066650a393061626630376137666534623538
36643830343861346638366239613936386435343831656436636562623632636338623039616363
6264373562396465660a343731656464643965366166663239636434666335613936366630666138
62366537343966363161363463383566626537623630353933393465663366333263393934376237
33356462323932336230313639303637376637626665643863333461396661353462663338323836
64623865313636353833396137626337613863666330663031376364303938653039643331623764
64343237353733353661306435356264646463636362613333643834303135303030623033326531
66333864663534323837636437363036303935633236363631613065313835333631386566356262
37326563373235633237373335373666626134336466653665393034373931386237383336653737
65383365386239326464363862343538636363396537363737316630303132663438643865623439
34626130633830336530643531356462373831333662623431303761393333643864343334326630
30383539663038333131623861326630303462666230656261623061373338653934343963393933
64656532343866333764313336633732393761323534383530363735646266656236306565653238
61313537313764303864653363633363643730336665666530306561623062306434653265323939
34306530363662306539636264373261653934316362356464393535356363666235373464376562
31613039316566313732323563306566313931383433663433306363613436646436623537666533
36666664653634653438356566383735333433396239623035383565646638333766313562373765
33616130333032353334626439356666363833356166373862366130663131363136643565303039
63386261396233623133646361373964373761356163303965313030383331613537353134383335
32316566396132303237336433643361373537396663343436623838363137306531623931613232
64393161663530633263623264316336333836376163623434373338616335636262626137613234
35303437353930656132306538326234396565383535316632363931616463303139646332363630
66646466626538626165636237633065306639313432343435616330386262636533613839383439
63373434633132393466396565623063396235613234353536646566363862376136363335663539
61663137663337366263623333656638653663373761643839343338636139336263356339666233
32623162643436666635393238363162306263336565383664376238363737343464373839323361
61303836393264663361376233636166386139356136353137643862366462326638363237656463
30303366393938363036336665613062306631633162393961363161613336346336656332623733
38623266386561666662616236643866353530313135353536396565353433363538363431363663
31643631333134303766633964616163343539636234643766396438643433386263623263306230
36373330643536323062666561313038393932616562313434346434396338653961333039643039
33643036303363323437373339356466626239333466333639613261313332333765373965383261
62323764623835353837613834626665616437366538373730613037643731653335366233393662
65316666333736323961353531316165343336343034316330396432316565383264313739623466
64633266636339626334353930613536373236333564383439636531653430393037323464656134
66623466666463363438323165356533396630326533333363343463646530306436333363396264
30623334653531383831633131666434316434326132393565323639376334316462623035303561
64343464306537353966383861316338343339383034613539346265353765663435316334663465
33393535656437643563326436386136396434616534666564663363623033663137613065643936
65616163626539363732373339663037396465633062643862316338343633356564643130336538
65613437383162323634623561633239323632356435346531616563613434626234656664663862
39343734343731663639326361333364666361663338353833313662313737366631363530643230
64323636653339376666306431623032666566396366363031383637643435623131616262393465
31373230626138616539633463373265656237396138333738613165643266636532303235316662
34376232346238393766356231373461333038333731386663663733396161336336323835303362
39346432353763356562363335633865396362643762346166383837643862626232363438386266
63616431376563333363633861313962316532306432313830666263613534323963336333666264
38323031346132346637613133306431666537326231356364633834353963383331646536333365
61303230336134663837626435313439353165363335666362623638336336393430356430363266
64313030626135663066613366666432363566373262343263396130313664303437666536613235
31353565393036616333663861316462613236396138646133396236333539386639356437653530
39633031393933316239333764613330373633613066323261643432663237646134633238393539
39313735353638343339666633366264313866306537643964636634396134616564633833336461
63303532306466316135663564346163643533633734623930326166346137383133373637616634
38363935373761306265363934353231313962363865643663393863626137386664313138643432
39646262333232663263316238623837643333376230333663313937373861636330346539393563
36323131333138636137633363323763383132663031333962343031663335353063393462626564
63343130396363646637363836626338306237656535343732643733653331386339393932376334
66633534656638356164336639366565303562653462633233343231616464613464343431316462
65643165366362353462643963326164363832313131343937646366653562613733623634373166
34326533373665363464346336663265373231656238613334383532353864313734613266343366
66333862383066643235666230366431376133663139383830613264353735616332353139343731
33653861383133376530383161343637633036646666306635343030333063623464363530656561
31646634626661653161613865353361343563316232653262613761643763323566303838623433
32643465653137666430396134396237376332376465646262656462653235626662653263626566
38383534303435623835643233616633373765643861646361363630623131353131336236323666
63626637356232366337623732636135393466316231386463323765303130636166653132356231
38393930646638376334333836323339316465323937626364666332353233613865333236373032
62343437613237323635643762393030376537636633663662363561333562383633626666623463
39626238333731313234633139326638303732623335636330313135313233626532303131336235
38383464663663613966616166336536633735313132306533306636326634323463353838663133
66623966326230616166393165326264663761383039396538353637613636386639623863646430
66643234613735373563336564373966326561306639333765623862303965346134353966373939
66323664353031353136346365343233376234653535626361343661393963623630313837303566
34636439323931323030313639373263653035346664303935316262326564323961356366333235
30313337623832393938633134663533616533393436616538666333633738326664386338393963
37383564313039336166363538656561373634346432313130323635303431393130333264356534
63626666343266623732386435373765396632383963623732393539613366356236306331326262
39636464333939633461363963663463313663653763626230646532343837626532323562396237
38373031653836386665373366666330346562386536373066646436613339393530323435663762
39393162386666646434623330333038363263666431303234353063653138396236353239373362
38363366353732386466303134383137393136613061623462323563653436356436386435613466
38646131346565313066306364356239643632313736323562326434313836356463323061653932
31663934666237323831306338333565646236333135393965653861303437356431353831326661
33313038633732333532653230333862333337393761656664646230366163316330623233613964
30326237636230356165373839363239366337643035636161633162643130623261393865616335
30633563373333663963373534366361366439663739303731393938646330393235353964643566
39383230363830383438396664613666643664643961363661633334613336666166393332393336
39656538636430653037386334353361643366373262353133643338393530333938373132313137
62373036653333326437346131646663623466656264356337326630636135356661356132633038
33396662353135363665383736646261323264663463623337393161623763356166356364383132
39643036616635646331616561313938646438383839336532346162386633393933616332633338
33653061336133383833353531326537643237653464653664616132373733313964316438323738
32366539633130393866343335626534376531383761306266313633396237663162623161323133
64333662323861303535663232333532373062636566363735633062366261313338633135326562
33383430666530326431333065346363636337303964346236303831376263306533
