$ANSIBLE_VAULT;1.1;AES256
62666365353235303037346630316463363138393363386333383837363530633861653832373636
6539613139353939356537333439366162306434306331330a373739356133333536656138303636
38303433353861393936626631396230636465646233323434316565333062613130643935383461
3535376134323837650a376635363730623430653563323065656138366232373933386166336532
65353965623365326463363437376364663431323333333961306539326633303466353762306261
34626366343838363233663830346333393365326535636162623062653264333466623238623064
36393439633437346366636232313633373034373362326435633737643965343564646530613337
35653266646335373731656338366362616531643430613232663939346437323265356130393862
64396135326539386635396431353735383031313139646330633930303664653566663036623736
34343634336265383764663663393136386630663835626637613162393136386630343264393465
36323262323562613333343437656661366565343332346363323663366336333433323933663839
62326634316265623330373731663464353161373961353266656630356235623966306137326463
38656231653161306335303238306166636164613733633231393534323764663731613262663834
64623064326138336262386166396362366534336139303035323536636239626438383132373639
66636365343136633932616638353038336130336333656437396530366363636338626238396430
61396263633636623331323362626363393634366338343062646665343935656435643962386534
39363735333833623838393632366162643538356163383230363936303965306436383861623437
61363263653236373966343731303638386530616365643762333032633530316238636530393336
62626233306633613030386333356337613233333766613032613339346235633232306163373765
66656234323338366366613931626464326162633333666533353632383763333333333738323064
34303733323633626634326432646130326630666436323262383437626465363032646338323035
36373534366534346431306639313835626666303630313565616266356161393437613065643162
65626265336635373665336131386464366561656533396335303261633938666262326631656337
65373233346432353362633338366439363763636239653332653638646633626366376264313038
36663439326464666566656663333839366136303463613532373539613431653464
